first_dose_administered,second_dose_administered,single_dose_administered,all_doses_administered,fully_vaccinated,new_first_dose_administered,new_second_dose_administered,new_single_dose_administered,new_all_doses_administered,new_fully_vaccinated
413,92,3,508,95,2,0,0,2,0
8588,124,1,8713,125,0,0,0,0,0
3975,46,0,4021,46,0,0,0,0,0
12793,548,1,13342,549,1,0,0,1,0
13115,949,1,14065,950,1,0,0,1,0
13096,1696,1,14793,1697,2,0,0,2,0
14225,2642,0,16867,2642,1,0,0,1,0
10441,8807,0,19248,8807,1,0,0,1,0
7506,6519,0,14025,6519,1,0,0,1,0
4479,2809,0,7288,2809,0,0,0,0,0
15060,8413,1,23474,8414,1,0,0,1,0
16579,8096,2,24677,8098,0,0,0,0,0
19263,8278,0,27541,8278,0,0,0,0,0
22630,4008,0,26638,4008,0,0,0,0,0
21811,3200,1,25012,3201,0,0,0,0,0
10697,5148,0,15845,5148,0,0,0,0,0
5084,2556,0,7640,2556,0,0,0,0,0
16030,8324,5,24359,8329,1,0,0,1,0
22848,8468,0,31316,8468,1,0,0,1,0
24037,7549,0,31586,7549,1,2,0,3,2
28257,4471,1,32729,4472,2,0,0,2,0
26939,2656,1,29596,2657,2,0,0,2,0
13193,4422,0,17615,4422,0,0,0,0,0
4315,1540,2,5857,1542,0,0,0,0,0
19980,7967,2,27949,7969,1,1,1,3,1
23276,7930,2,31208,7932,0,1,0,1,1
24906,8463,1,33370,8464,2,2,0,4,2
24802,7899,1,32702,7900,1,1,0,2,1
21781,6626,1,28408,6627,0,0,0,0,0
12010,6670,1,18681,6671,0,0,0,0,0
3352,3438,0,6790,3438,0,0,0,0,0
19431,9997,8,29436,10005,3,1,0,4,1
26684,11391,2,38077,11393,0,1,0,1,1
28357,13324,2,41683,13326,0,0,0,0,0
25725,16444,0,42169,16444,1,0,0,1,0
22347,16461,3,38811,16464,0,2,0,2,2
12894,9741,1,22636,9742,0,1,0,1,1
3051,5387,1,8439,5388,0,0,0,0,0
18144,17380,1,35525,17381,0,0,0,0,0
19681,19291,1,38973,19292,1,1,0,2,1
22783,20304,2,43089,20306,2,3,0,5,3
20146,20184,0,40330,20184,0,2,0,2,2
20418,20257,0,40675,20257,3,1,0,4,1
11983,10475,0,22458,10475,1,0,0,1,0
3965,4072,2,8039,4074,0,0,0,0,0
11032,13105,3,24140,13108,0,1,0,1,1
7510,8948,2,16460,8950,2,1,0,3,1
17760,23425,1,41186,23426,0,0,0,0,0
15287,22163,3,37453,22166,0,1,0,1,1
14196,22306,1,36503,22307,0,2,0,2,2
9476,11394,1,20871,11395,0,0,0,0,0
2450,3594,2,6046,3596,1,0,0,1,0
11723,20275,4,32002,20279,1,2,0,3,2
17672,23499,1,41172,23500,1,0,0,1,0
20238,25058,1,45297,25059,2,2,0,4,2
24155,24855,2,49012,24857,2,1,0,3,1
19266,22011,1,41278,22012,0,0,0,0,0
11628,11967,2,23597,11969,0,0,0,0,0
3734,2772,6,6512,2778,1,1,0,2,1
16727,18487,61,35275,18548,3,3,1,7,4
22459,22839,13,45311,22852,1,0,0,1,0
27554,25531,45,53130,25576,0,1,0,1,1
28554,23522,27,52103,23549,2,0,0,2,0
24898,20494,3765,49157,24259,1,0,1,2,1
15316,10954,4078,30348,15032,1,0,2,3,2
4913,2449,4238,11600,6687,0,0,0,0,0
21788,16487,5153,43428,21640,2,0,0,2,0
26297,18883,1902,47082,20785,1,2,0,3,2
26739,24106,3469,54314,27575,0,0,0,0,0
29521,20878,2349,52748,23227,3,0,0,3,0
24946,19549,5124,49619,24673,2,2,0,4,2
15346,12037,4146,31529,16183,0,0,0,0,0
4403,3229,618,8250,3847,0,0,0,0,0
23110,15116,1454,39680,16570,1,2,0,3,2
30218,17672,1709,49599,19381,2,0,2,4,1
34321,20647,1674,56642,22321,1,3,0,4,3
33797,23941,1938,59676,25879,2,3,0,5,3
27595,18124,2088,47807,20212,1,0,0,1,0
16618,10082,3240,29940,13322,0,0,0,0,0
5647,3346,1109,10102,4455,0,2,0,2,2
26821,15112,1142,43075,16254,1,0,0,1,0
30491,21166,2774,54431,23940,2,1,0,3,1
32248,23997,2495,58740,26492,0,1,0,1,1
32467,24462,2618,59547,27080,2,0,0,2,0
25831,20386,3838,50055,24224,3,0,0,3,0
13752,12536,3524,29812,16060,1,1,1,3,2
4559,4835,35,9429,4870,0,1,0,1,1
24001,21481,919,46401,22400,1,1,0,2,1
29654,23974,2342,55970,26316,0,2,0,2,2
37256,26027,3746,67029,29773,2,1,0,3,1
36399,27500,9221,73120,36721,3,2,0,5,2
19755,18211,9529,47495,27740,1,3,0,4,3
13754,10467,7350,31571,17817,0,1,0,1,1
3621,1609,612,5842,2221,0,1,0,1,1
25076,18617,4770,48463,23387,1,1,1,3,2
37208,22598,4886,64692,27484,0,1,0,1,1
44283,26939,4430,75652,31369,0,0,0,0,0
42107,25823,5362,73292,31185,0,1,0,1,1
36126,22556,6403,65085,28959,1,4,0,5,4
23139,14655,8578,46372,23233,0,0,0,0,0
12161,4148,2315,18624,6463,0,0,0,0,0
26367,21901,3205,51473,25106,1,0,0,1,0
35368,27760,150,63278,27910,4,2,0,6,2
33855,29749,19,63623,29768,2,1,0,3,1
28817,29286,65,58168,29351,0,0,0,0,0
27114,25008,45,52167,25053,3,4,0,7,4
18425,13158,11,31594,13169,2,1,0,3,1
7143,4832,2,11977,4834,0,0,1,1,1
17917,23044,9,40970,23053,0,4,0,4,4
22080,28250,14,50344,28264,2,3,0,5,3
21923,33753,7,55683,33760,2,1,0,3,1
20313,32600,6,52919,32606,0,1,0,1,1
18025,26200,13,44238,26213,2,4,0,6,4
12130,15656,2568,30354,18224,0,0,0,0,0
3569,4522,2273,10364,6795,0,0,0,0,0
15256,25674,2694,43624,28368,0,0,0,0,0
14739,34416,2244,51399,36660,1,1,0,2,1
15356,41078,1986,58420,43064,0,0,0,0,0
15043,42416,2744,60203,45160,0,2,0,2,2
15700,34297,2222,52219,36519,0,1,0,1,1
6609,18613,965,26187,19578,0,2,0,2,2
2284,10705,355,13344,11060,0,0,0,0,0
9969,26668,1207,37844,27875,3,1,0,4,1
12819,35286,1319,49424,36605,1,0,0,1,0
12201,34240,1004,47445,35244,2,1,0,3,1
11575,32098,1344,45017,33442,2,0,0,2,0
12089,29885,1424,43398,31309,0,3,0,3,3
5981,15279,782,22042,16061,0,2,0,2,2
1367,3453,288,5108,3741,0,1,0,1,1
8354,21953,1441,31748,23394,0,0,0,0,0
10679,28469,1288,40436,29757,0,2,0,2,2
9324,30376,1279,40979,31655,0,4,0,4,4
15034,28980,1143,45157,30123,0,2,0,2,2
15398,24856,1360,41614,26216,0,0,0,0,0
11430,15954,935,28319,16889,0,1,0,1,1
5657,7106,411,13174,7517,0,0,0,0,0
13627,19425,1609,34661,21034,1,0,0,1,0
13974,20249,1505,35728,21754,0,2,0,2,2
12932,20451,1395,34778,21846,0,2,0,2,2
11651,17911,1446,31008,19357,2,0,0,2,0
12399,20235,1651,34285,21886,2,0,0,2,0
8579,9682,1036,19297,10718,1,0,0,1,0
3038,2700,415,6153,3115,0,0,0,0,0
9031,13950,1963,24944,15913,1,1,0,2,1
8869,13863,2020,24752,15883,0,0,0,0,0
8641,14492,1616,24749,16108,0,1,0,1,1
8226,13998,1555,23779,15553,0,0,0,0,0
8254,13568,1121,22943,14689,0,0,0,0,0
4320,4690,623,9633,5313,0,0,0,0,0
1926,1534,306,3766,1840,0,0,0,0,0
823,928,142,1893,1070,0,1,0,1,1
7697,14829,985,23511,15814,0,1,0,1,1
6770,10857,890,18517,11747,0,0,0,0,0
6283,14209,1012,21504,15221,0,1,0,1,1
6792,14831,1039,22662,15870,1,0,0,1,0
4685,9649,483,14817,10132,0,0,0,0,0
1837,4094,219,6150,4313,0,0,0,0,0
5867,13281,907,20055,14188,0,1,0,1,1
6272,14945,950,22167,15895,0,0,0,0,0
5626,12300,923,18849,13223,0,0,0,0,0
5527,12408,1073,19008,13481,0,1,1,2,2
5627,12614,922,19163,13536,1,1,0,2,1
3598,8992,481,13071,9473,0,1,0,1,1
1117,2978,203,4298,3181,0,0,0,0,0
4903,9702,931,15536,10633,0,2,0,2,2
5198,11041,903,17142,11944,0,0,0,0,0
4842,9298,864,15004,10162,0,0,1,1,0
4287,8586,700,13573,9286,0,2,0,2,2
4960,9161,815,14936,9976,0,1,0,1,0
3365,5567,494,9426,6061,0,1,0,1,1
1409,1973,186,3568,2159,0,0,0,0,0
4537,4399,717,9653,5116,1,1,0,2,1
4846,8237,730,13813,8967,1,0,0,1,0
4613,6931,684,12228,7615,0,0,0,0,0
3996,6342,737,11075,7079,0,0,0,0,0
4827,6870,769,12466,7639,0,0,0,0,0
3139,4476,445,8060,4921,1,0,0,1,0
1617,1980,114,3711,2094,0,0,0,0,0
4586,5632,665,10883,6297,2,0,0,2,0
4653,6176,609,11438,6785,0,0,0,0,0
4769,5837,652,11258,6489,0,0,6,6,6
3883,4468,505,8856,4973,0,0,0,0,0
3794,4870,524,9188,5394,1,1,0,2,1
2011,2382,186,4579,2568,0,0,0,0,0
257,282,35,574,317,0,0,0,0,0
2560,3238,278,6076,3516,0,0,0,0,0
3844,5944,526,10314,6470,0,0,0,0,0
4160,5335,538,10033,5873,0,1,0,1,1
3838,4827,577,9242,5404,0,0,0,0,0
4227,4971,582,9780,5553,0,0,0,0,0
3567,3538,266,7371,3804,0,0,0,0,0
1685,1517,74,3276,1591,0,0,0,0,0
4261,4387,590,9238,4977,0,0,0,0,0
3992,4341,402,8735,4743,2,1,0,3,1
4160,4360,409,8929,4769,0,1,0,1,1
4069,3849,384,8302,4233,0,0,0,0,0
5051,4536,449,10036,4985,2,0,0,2,0
3284,2885,221,6390,3106,1,2,0,3,2
1862,1488,67,3417,1555,0,0,0,0,0
5290,4327,474,10091,4801,3,0,0,3,0
5265,4041,491,9797,4532,2,1,0,3,1
5435,4471,473,10379,4944,0,0,0,0,0
5495,3767,574,9836,4341,2,0,1,3,1
6639,4056,448,11143,4504,4,0,2,6,2
4488,2551,274,7313,2825,1,1,0,2,1
2506,828,66,3400,894,0,0,0,0,0
6398,3215,472,10085,3687,8,0,0,8,0
6375,3867,536,10778,4403,4,0,0,4,0
6503,3919,528,10950,4447,5,0,5,10,5
6515,3456,532,10503,3988,2,0,0,2,0
7469,4038,683,12190,4721,2,2,0,4,1
5067,3326,348,8741,3674,0,1,0,1,1
3091,1492,77,4660,1569,1,0,0,1,0
7042,3737,608,11387,4345,0,2,0,2,2
7184,3630,581,11395,4211,1,1,0,2,1
6785,3599,514,10898,4113,5,7,1,13,8
6638,3562,629,10829,4191,1,1,0,2,1
7990,4573,582,13145,5155,2,2,1,5,3
5592,3181,285,9058,3466,4,0,3,7,3
3259,1770,95,5124,1865,0,5,0,5,5
6711,4189,531,11431,4720,5,1,1,7,2
6366,4304,503,11173,4807,8,12,1,21,13
5876,3971,527,10374,4498,15,1,3,19,4
5667,3917,537,10121,4454,16,4,3,23,7
7071,5505,514,13090,6019,9,3,1,13,4
5200,4055,302,9557,4357,3,1,1,5,2
2894,2118,87,5099,2205,39,4,0,43,4
5838,5046,634,11518,5680,455,41,12,508,53
5777,4821,842,11440,5663,1868,1447,145,3460,1591
3841,3553,675,8069,4228,3840,3553,675,8068,4225
2,0,2,4,2,2,0,2,4,2
