first_dose_administered,second_dose_administered,single_dose_administered,all_doses_administered,fully_vaccinated,new_first_dose_administered,new_second_dose_administered,new_single_dose_administered,new_all_doses_administered,new_fully_vaccinated
454,99,3,556,102,1,0,0,1,0
8590,125,1,8716,126,0,0,0,0,0
3976,46,0,4022,46,1,0,0,1,0
12808,547,1,13356,548,1,0,0,1,0
13120,954,1,14075,955,1,0,0,1,0
13104,1697,1,14802,1698,3,0,0,3,0
14230,2642,0,16872,2642,2,0,0,2,0
10441,8814,0,19255,8814,0,1,0,1,1
7510,6519,0,14029,6519,0,0,0,0,0
4482,2807,0,7289,2807,0,0,0,0,0
15064,8415,1,23480,8416,0,0,0,0,0
16585,8100,2,24687,8102,0,2,0,2,2
19266,8284,0,27550,8284,1,0,0,1,0
22639,4014,0,26653,4014,0,0,0,0,0
21819,3212,1,25032,3213,1,0,0,1,0
10696,5149,0,15845,5149,1,0,0,1,0
5085,2554,0,7639,2554,1,0,0,1,0
16034,8326,5,24365,8331,0,0,0,0,0
22849,8473,0,31322,8473,1,0,0,1,0
24046,7562,0,31608,7562,0,0,0,0,0
28276,4477,1,32754,4478,1,0,0,1,0
26945,2660,1,29606,2661,1,0,0,1,0
13191,4426,0,17617,4426,1,0,0,1,0
4317,1541,3,5861,1544,1,1,0,2,1
19983,7982,2,27967,7984,1,2,0,3,2
23274,7935,2,31211,7937,2,1,0,3,1
24902,8472,1,33375,8473,1,0,0,1,0
24803,7910,1,32714,7911,1,1,0,2,1
21789,6628,1,28418,6629,1,1,0,2,1
12010,6673,1,18684,6674,0,0,0,0,0
3353,3439,0,6792,3439,0,0,0,0,0
19466,10033,8,29507,10041,1,1,0,2,1
26703,11411,3,38117,11414,2,0,0,2,0
28369,13330,2,41701,13332,1,1,0,2,1
25735,16444,0,42179,16444,1,1,0,2,1
22354,16467,3,38824,16470,1,0,0,1,0
12891,9746,1,22638,9747,1,2,0,3,2
3054,5386,1,8441,5387,0,1,0,1,1
18145,17392,1,35538,17393,0,0,0,0,0
19688,19295,1,38984,19296,2,0,0,2,0
22797,20309,2,43108,20311,0,1,0,1,1
20145,20201,0,40346,20201,1,2,0,3,2
20422,20263,0,40685,20263,2,2,0,4,2
11986,10478,0,22464,10478,0,0,0,0,0
3967,4072,1,8040,4073,0,0,0,0,0
11042,13109,3,24154,13112,1,1,0,2,1
7521,8952,2,16475,8954,0,0,0,0,0
17758,23431,1,41190,23432,2,0,0,2,0
15293,22162,3,37458,22165,1,1,0,2,1
14195,22311,1,36507,22312,0,1,0,1,1
9484,11398,1,20883,11399,0,0,0,0,0
2452,3595,2,6049,3597,1,0,0,1,0
11729,20281,4,32014,20285,0,2,0,2,2
17675,23504,2,41181,23506,0,3,0,3,3
20243,25059,1,45303,25060,2,0,0,2,0
24157,24856,2,49015,24858,0,1,0,1,1
19276,22006,1,41283,22007,2,2,0,4,2
11629,11972,2,23603,11974,0,1,0,1,1
3743,2780,6,6529,2786,0,0,0,0,0
16809,18516,72,35397,18588,3,0,0,3,0
22475,22846,15,45336,22861,2,2,0,4,2
27562,25542,46,53150,25588,3,2,0,5,2
28556,23531,27,52114,23558,1,2,0,3,2
24904,20506,3764,49174,24270,1,1,0,2,1
15316,10962,4077,30355,15039,1,2,0,3,2
4912,2454,4238,11604,6692,0,0,0,0,0
21797,16488,5154,43439,21642,2,0,0,2,0
26299,18899,1904,47102,20803,3,1,0,4,1
26750,24121,3470,54341,27591,2,1,1,4,2
29523,20877,2349,52749,23226,0,0,1,1,1
24946,19559,5124,49629,24683,3,1,0,4,1
15345,12043,4147,31535,16190,1,1,0,2,1
4403,3232,618,8253,3850,1,1,0,2,1
23122,15137,1456,39715,16593,0,0,0,0,0
30226,17670,1709,49605,19379,1,0,0,1,0
34327,20650,1674,56651,22324,1,2,0,3,2
33796,23949,1939,59684,25888,1,1,0,2,1
27597,18144,2088,47829,20232,0,4,0,4,4
16628,10092,3239,29959,13331,1,0,0,1,0
5649,3355,1109,10113,4464,0,1,0,1,1
26821,15125,1142,43088,16267,0,1,1,2,2
30493,21170,2774,54437,23944,0,2,0,2,2
32248,24011,2498,58757,26509,0,2,1,3,3
32464,24481,2618,59563,27099,0,3,0,3,3
25827,20400,3838,50065,24238,0,1,0,1,1
13749,12538,3522,29809,16060,0,1,0,1,1
4561,4833,35,9429,4868,1,0,0,1,0
24002,21491,920,46413,22411,2,1,1,4,2
29655,23978,2341,55974,26319,0,2,0,2,2
37253,26047,3748,67048,29795,2,2,0,4,2
36449,27546,9224,73219,36770,2,2,0,4,2
19765,18216,9533,47514,27749,1,0,3,4,3
13755,10473,7350,31578,17823,0,0,0,0,0
3624,1612,612,5848,2224,1,0,0,1,0
25080,18625,4774,48479,23399,0,1,0,1,1
37210,22603,4888,64701,27491,1,1,0,2,1
44282,26953,4431,75666,31384,1,1,0,2,1
42097,25834,5361,73292,31195,0,1,0,1,1
36126,22550,6403,65079,28953,1,2,0,3,2
23141,14660,8580,46381,23240,1,0,0,1,0
12162,4150,2316,18628,6466,0,0,0,0,0
26372,21906,3206,51484,25112,1,0,0,1,0
35363,27770,150,63283,27920,1,2,0,3,2
33854,29743,19,63616,29762,1,1,0,2,1
28817,29291,68,58176,29359,1,2,1,4,2
27118,25007,45,52170,25052,1,1,0,2,1
18425,13162,11,31598,13173,0,0,0,0,0
7145,4832,2,11979,4834,0,0,0,0,0
17923,23041,10,40974,23051,0,1,0,1,1
22076,28254,13,50343,28267,0,1,0,1,1
21925,33757,7,55689,33764,0,2,0,2,2
20312,32600,6,52918,32606,0,0,0,0,0
18023,26209,13,44245,26222,1,2,0,3,2
12128,15660,2567,30355,18227,1,0,0,1,0
3571,4524,2273,10368,6797,0,0,0,0,0
15253,25670,2694,43617,28364,0,1,0,1,1
14732,34414,2246,51392,36660,0,1,0,1,1
15358,41085,1987,58430,43072,1,1,0,2,1
15041,42408,2744,60193,45152,0,0,0,0,0
15697,34296,2228,52221,36524,0,2,0,2,2
6617,18629,970,26216,19599,0,1,1,2,1
2285,10708,357,13350,11065,0,1,0,1,1
9973,26679,1210,37862,27889,0,1,0,1,1
12819,35288,1321,49428,36609,1,2,0,3,2
12201,34242,1008,47451,35250,1,1,0,2,1
11574,32097,1346,45017,33443,1,0,0,1,0
12089,29881,1426,43396,31307,1,1,0,2,1
5979,15284,786,22049,16070,1,1,0,2,1
1370,3457,290,5117,3747,0,0,0,0,0
8362,21961,1442,31765,23403,0,1,1,2,2
10684,28468,1292,40444,29760,0,0,0,0,0
9326,30376,1280,40982,31656,1,0,1,2,1
15051,28966,1143,45160,30109,0,0,0,0,0
15421,24855,1360,41636,26215,0,1,0,1,1
11439,15954,935,28328,16889,0,0,0,0,0
5664,7100,411,13175,7511,0,0,0,0,0
13639,19428,1607,34674,21035,3,0,0,3,0
13978,20243,1505,35726,21748,2,2,0,4,2
12946,20447,1396,34789,21843,0,1,1,2,2
11661,17911,1445,31017,19356,1,0,0,1,0
12408,20237,1654,34299,21891,0,0,1,1,1
8598,9679,1036,19313,10715,7,0,0,7,0
3042,2699,415,6156,3114,0,0,0,0,0
9050,13951,1972,24973,15923,7,1,9,17,10
8876,13864,2020,24760,15884,0,0,0,0,0
8650,14494,1617,24761,16111,0,1,0,1,1
8234,13999,1555,23788,15554,0,0,0,0,0
8265,13571,1121,22957,14692,3,2,0,5,2
4327,4688,624,9639,5312,0,2,0,2,2
1930,1538,306,3774,1844,0,0,0,0,0
828,932,142,1902,1074,1,0,0,1,0
7704,14838,987,23529,15825,0,1,0,1,1
6782,10857,891,18530,11748,0,0,0,0,0
6289,14218,1012,21519,15230,0,0,0,0,0
6796,14834,1039,22669,15873,0,1,0,1,1
4692,9656,483,14831,10139,0,0,0,0,0
1840,4107,219,6166,4326,0,0,0,0,0
5875,13291,907,20073,14198,0,2,0,2,2
6283,14945,950,22178,15895,1,0,0,1,0
5635,12317,924,18876,13241,0,2,0,2,2
5531,12412,1075,19018,13487,0,0,0,0,0
5630,12629,923,19182,13552,0,0,0,0,0
3597,9003,481,13081,9484,0,0,0,0,0
1136,2981,230,4347,3211,0,0,0,0,0
4913,9715,931,15559,10646,0,1,0,1,1
5201,11049,903,17153,11952,0,1,0,1,1
4848,9309,864,15021,10173,1,1,0,2,1
4299,8588,700,13587,9288,0,0,0,0,0
4978,9169,814,14961,9983,0,0,0,0,0
3376,5579,495,9450,6074,0,0,0,0,0
1414,1974,187,3575,2161,0,0,1,1,1
4549,4407,718,9674,5125,0,1,0,1,1
4856,8248,731,13835,8979,2,0,0,2,0
4617,6942,684,12243,7626,0,1,0,1,1
3997,6349,737,11083,7086,0,0,0,0,0
4833,6885,769,12487,7654,0,3,0,3,3
3140,4481,445,8066,4926,0,1,0,1,1
1617,1982,114,3713,2096,0,0,0,0,0
4590,5641,665,10896,6306,1,0,0,1,0
4656,6188,609,11453,6797,0,1,0,1,1
4777,5847,651,11275,6498,1,0,0,1,0
3900,4472,505,8877,4977,2,0,0,2,0
3811,4874,524,9209,5398,0,0,0,0,0
2022,2387,186,4595,2573,1,0,0,1,0
258,283,35,576,318,0,0,0,0,0
2568,3245,278,6091,3523,0,0,0,0,0
3849,5949,527,10325,6476,1,0,0,1,0
4161,5346,539,10046,5885,0,0,1,1,1
3844,4834,577,9255,5411,0,0,0,0,0
4235,4977,582,9794,5559,0,0,0,0,0
3566,3543,266,7375,3809,0,3,0,3,3
1691,1521,74,3286,1595,0,0,0,0,0
4251,4420,590,9261,5010,0,0,0,0,0
3998,4349,410,8757,4759,0,0,1,1,1
4169,4368,410,8947,4778,1,2,0,3,2
4075,3854,384,8313,4238,0,0,0,0,0
5064,4544,449,10057,4993,3,0,0,3,0
3290,2886,222,6398,3108,1,0,0,1,0
1866,1491,67,3424,1558,0,0,0,0,0
5304,4326,477,10107,4803,0,0,1,1,1
5279,4042,496,9817,4538,4,0,1,5,1
5452,4489,478,10419,4967,4,1,1,6,2
5508,3774,579,9861,4353,0,1,0,1,1
6653,4065,453,11171,4518,1,1,0,2,1
4496,2558,274,7328,2832,1,1,0,2,1
2510,828,66,3404,894,0,0,0,0,0
6409,3226,471,10106,3697,2,0,0,2,0
6400,3873,543,10816,4416,2,1,0,3,1
6526,3926,535,10987,4461,1,0,2,3,2
6539,3466,535,10540,4001,2,2,4,8,6
7501,4052,693,12246,4745,4,2,5,11,7
5092,3339,348,8779,3687,2,1,0,3,1
3099,1493,77,4669,1570,3,0,0,3,0
7048,3748,615,11411,4363,1,1,7,9,8
7201,3638,587,11426,4225,1,0,6,7,6
6804,3609,519,10932,4128,4,1,4,9,5
6654,3565,631,10850,4196,16,1,2,19,3
7997,4582,585,13164,5167,9,2,0,11,2
5587,3186,286,9059,3472,1,0,1,2,1
3260,1786,95,5141,1881,0,1,0,1,1
6731,4198,532,11461,4730,4,1,1,6,2
6391,4316,523,11230,4839,5,4,2,11,6
5896,3987,535,10418,4522,2,6,0,8,6
5727,3946,542,10215,4488,0,1,2,3,3
7123,5526,525,13174,6051,1,1,4,6,5
5212,4065,305,9582,4370,2,2,0,4,2
2901,2118,87,5106,2205,0,0,0,0,0
5972,5080,647,11699,5727,2,0,1,3,1
6418,4899,894,12211,5793,5,0,2,7,2
6174,5000,793,11967,5793,5,0,7,12,7
6019,4807,802,11628,5609,1,1,6,8,7
7477,6322,668,14467,6990,4,1,1,6,2
4800,4545,323,9668,4868,3,4,1,8,5
2842,2794,58,5694,2852,0,2,0,2,2
6399,5610,491,12500,6101,22,7,0,29,7
6791,5533,600,12924,6133,40,29,2,71,31
6833,5421,557,12811,5978,249,65,11,325,76
6334,5188,601,12123,5789,2046,1520,74,3640,1593
7349,6882,502,14733,7384,7347,6879,502,14728,7379
4525,5141,264,9930,5405,4525,5141,264,9930,5402
1765,1903,66,3734,1969,1764,1903,66,3733,1969
