first_dose_administered,second_dose_administered,single_dose_administered,all_doses_administered,fully_vaccinated,new_first_dose_administered,new_second_dose_administered,new_single_dose_administered,new_all_doses_administered,new_fully_vaccinated
576,112,5,693,117,1,0,0,1,0
8619,132,1,8752,133,1,0,0,1,0
3983,46,0,4029,46,0,0,0,0,0
12997,603,1,13601,604,1,0,0,1,0
13259,1067,2,14328,1069,1,0,0,1,0
13163,1864,1,15028,1865,1,0,0,1,0
14220,2862,1,17083,2863,3,1,0,4,1
10497,9104,0,19601,9104,1,2,0,3,2
7516,6524,1,14041,6525,0,2,0,2,2
4491,2820,0,7311,2820,0,1,0,1,1
15167,8624,1,23792,8625,2,0,0,2,0
16636,8364,2,25002,8366,4,2,0,6,2
19412,8477,0,27889,8477,1,1,0,2,1
22726,4235,0,26961,4235,2,0,0,2,0
22020,3343,2,25365,3345,4,0,0,4,0
10700,5155,0,15855,5155,0,0,0,0,0
5101,2560,0,7661,2560,0,0,0,0,0
16181,8530,5,24716,8535,0,0,0,0,0
23097,8547,0,31644,8547,3,2,0,5,2
24347,7608,0,31955,7608,3,3,0,6,3
28602,4517,1,33120,4518,1,0,0,1,0
27239,2688,1,29928,2689,3,0,0,3,0
13187,4452,0,17639,4452,4,0,0,4,0
4313,1552,2,5867,1554,0,0,0,0,0
19959,8328,2,28289,8330,2,0,0,2,0
23344,8178,2,31524,8180,2,1,0,3,1
24808,8849,1,33658,8850,2,0,0,2,0
24794,8239,1,33034,8240,3,2,0,5,2
21789,6965,1,28755,6966,0,1,0,1,1
12030,6687,1,18718,6688,2,1,0,3,1
3350,3449,0,6799,3449,0,0,0,0,0
19727,10356,12,30095,10368,2,2,0,4,2
26859,11599,5,38463,11604,4,0,0,4,0
28267,13506,2,41775,13508,0,1,0,1,1
25617,16624,1,42242,16625,2,3,0,5,3
22216,16688,3,38907,16691,2,3,0,5,3
12901,9753,1,22655,9754,4,1,0,5,1
3058,5393,1,8452,5394,0,0,0,0,0
18055,17548,1,35604,17549,1,1,0,2,1
19536,19537,1,39074,19538,2,6,0,8,6
22649,20517,2,43168,20519,1,1,0,2,1
19886,20502,0,40388,20502,1,4,0,5,4
20183,20588,1,40772,20589,2,4,0,6,4
12006,10476,0,22482,10476,0,1,0,1,1
3981,4087,1,8069,4088,1,0,0,1,0
10865,13363,5,24233,13368,0,0,0,0,0
7420,9113,3,16536,9116,0,2,0,2,2
17690,23525,2,41217,23527,1,4,0,5,4
15201,22273,4,37478,22277,1,1,0,2,1
14114,22476,1,36591,22477,1,2,0,3,2
9496,11414,1,20911,11415,0,2,0,2,2
2461,3613,2,6076,3615,0,1,0,1,1
11533,20494,4,32031,20498,1,0,0,1,0
17566,23649,2,41217,23651,2,3,0,5,3
20198,25135,2,45335,25137,1,5,0,6,5
24144,24884,3,49031,24887,0,3,0,3,3
19276,22055,2,41333,22057,0,2,1,3,3
11628,11987,2,23617,11989,0,1,0,1,1
3756,2802,6,6564,2808,0,0,0,0,0
17075,18672,96,35843,18768,0,3,1,4,4
22499,22906,17,45422,22923,2,2,0,4,2
27615,25573,42,53230,25615,2,1,0,3,1
28600,23561,25,52186,23586,1,1,0,2,1
24927,20549,4010,49486,24559,1,3,228,232,230
15326,10978,4126,30430,15104,0,1,44,45,45
4929,2461,4244,11634,6705,2,1,0,3,1
21830,16528,5160,43518,21688,0,1,4,5,5
26314,18944,1905,47163,20849,2,1,0,3,0
26796,24149,3473,54418,27622,3,0,0,3,0
29558,20925,2356,52839,23281,4,0,0,4,0
24969,19598,5126,49693,24724,1,0,1,2,1
15348,12059,4151,31558,16210,1,1,0,2,1
4411,3240,618,8269,3858,0,1,0,1,1
23184,15182,1464,39830,16646,0,0,0,0,0
30244,17691,1712,49647,19403,3,2,0,5,2
34345,20691,1675,56711,22366,4,3,1,8,3
33822,23982,1942,59746,25924,1,0,0,1,0
27589,18203,2088,47880,20291,0,0,0,0,0
16648,10120,3242,30010,13362,0,0,0,0,0
5661,3367,1112,10140,4479,1,0,0,1,0
26824,15188,1143,43155,16331,3,0,0,3,0
30484,21214,2776,54474,23990,2,3,0,5,3
32237,24015,2499,58751,26514,2,4,0,6,3
32464,24539,2624,59627,27163,4,1,0,5,1
25829,20440,3839,50108,24279,1,1,0,2,1
13753,12549,3523,29825,16072,2,0,0,2,0
4564,4847,35,9446,4882,0,1,0,1,1
24008,21528,919,46455,22447,1,1,0,2,1
29640,24017,2342,55999,26359,2,1,0,3,1
37268,26117,3756,67141,29873,3,3,0,6,3
36649,27751,9235,73635,36986,4,4,2,10,5
19799,18247,9536,47582,27783,2,1,1,4,2
13768,10490,7355,31613,17845,0,0,0,0,0
3631,1620,612,5863,2232,1,1,0,2,1
25089,18672,4781,48542,23453,0,2,1,3,3
37202,22662,4891,64755,27553,3,3,1,7,4
44282,26979,4436,75697,31415,0,2,0,2,2
42088,25893,5368,73349,31261,0,3,0,3,3
36119,22582,6405,65106,28987,1,1,0,2,1
23155,14671,8584,46410,23255,1,1,0,2,1
12163,4152,2317,18632,6469,0,1,0,1,1
26378,21936,3209,51523,25145,1,3,0,4,3
35360,27776,151,63287,27927,0,1,0,1,1
33846,29774,18,63638,29792,1,1,0,2,1
28990,29494,71,58555,29565,2,2,0,4,2
27118,25012,46,52176,25058,2,1,0,3,1
18425,13175,12,31612,13187,1,2,0,3,2
7147,4836,1,11984,4837,0,1,0,1,1
17925,23052,10,40987,23062,1,3,0,4,3
22073,28274,13,50360,28287,2,2,0,4,2
21920,33789,8,55717,33797,0,3,0,3,3
20311,32619,6,52936,32625,0,1,0,1,1
18028,26219,13,44260,26232,0,4,0,4,4
12130,15663,2567,30360,18230,1,2,0,3,2
3572,4530,2272,10374,6802,0,0,1,1,1
15290,25730,2705,43725,28435,2,0,5,7,4
14727,34395,2246,51368,36641,2,2,0,4,2
15351,41098,1988,58437,43086,0,3,0,3,3
15036,42412,2743,60191,45155,1,2,1,4,3
15695,34325,2232,52252,36557,0,2,4,6,6
6658,18728,975,26361,19703,0,4,0,4,4
2288,10719,359,13366,11078,0,0,0,0,0
9979,26702,1214,37895,27916,0,1,0,1,1
12829,35276,1323,49428,36599,1,1,0,2,1
12208,34243,1010,47461,35253,1,0,0,1,0
11533,32129,1347,45009,33476,0,0,0,0,0
12085,29893,1429,43407,31322,0,0,0,0,0
5979,15280,786,22045,16066,0,1,0,1,1
1374,3461,290,5125,3751,0,0,0,0,0
8357,21970,1441,31768,23411,0,1,0,1,1
10689,28452,1295,40436,29747,1,2,0,3,2
9326,30354,1281,40961,31635,1,2,0,3,2
15004,29010,1144,45158,30154,1,2,0,3,2
15418,24870,1360,41648,26230,1,4,0,5,4
11450,15961,938,28349,16899,0,1,0,1,1
5672,7099,411,13182,7510,1,1,0,2,1
13637,19434,1609,34680,21043,0,0,0,0,0
13970,20228,1513,35711,21741,0,0,0,0,0
12941,20462,1399,34802,21861,0,1,0,1,1
11660,17924,1450,31034,19374,0,2,1,3,3
12406,20242,1655,34303,21897,1,1,0,2,1
8604,9673,1035,19312,10708,1,1,0,2,1
3041,2700,416,6157,3116,0,0,0,0,0
9050,13956,1970,24976,15926,0,2,0,2,2
8871,13868,2021,24760,15889,0,1,0,1,1
8657,14500,1617,24774,16117,0,0,0,0,0
8236,13991,1555,23782,15546,0,0,0,0,0
8271,13569,1125,22965,14694,0,0,0,0,0
4324,4694,624,9642,5318,0,0,0,0,0
1932,1544,306,3782,1850,0,0,0,0,0
829,939,143,1911,1082,0,0,0,0,0
7746,14883,994,23623,15877,0,0,0,0,0
6795,10868,894,18557,11762,2,0,0,2,0
6289,14229,1012,21530,15241,0,1,0,1,1
6801,14857,1041,22699,15898,0,1,0,1,1
4691,9665,483,14839,10148,1,0,0,1,0
1835,4118,218,6171,4336,0,1,0,1,1
5879,13300,907,20086,14207,0,2,0,2,2
6292,14947,953,22192,15900,0,0,1,1,1
5636,12318,926,18880,13244,1,1,0,2,1
5532,12431,1076,19039,13507,2,1,0,3,1
5634,12639,924,19197,13563,2,0,0,2,0
3596,9004,483,13083,9487,0,0,0,0,0
1134,2982,230,4346,3212,1,0,0,1,0
4916,9721,931,15568,10652,0,0,0,0,0
5201,11058,902,17161,11960,0,0,0,0,0
4846,9317,866,15029,10183,0,0,0,0,0
4305,8593,703,13601,9296,0,0,0,0,0
4984,9184,816,14984,10000,0,1,0,1,1
3377,5579,497,9453,6076,1,0,0,1,0
1418,1982,187,3587,2169,0,0,0,0,0
4552,4414,719,9685,5133,0,0,0,0,0
4857,8255,733,13845,8988,0,0,0,0,0
4625,6953,686,12264,7639,1,1,0,2,1
4004,6361,737,11102,7098,1,0,0,1,0
4839,6889,768,12496,7657,1,0,0,1,0
3139,4482,446,8067,4928,1,0,0,1,0
1619,1983,114,3716,2097,0,0,0,0,0
4593,5647,666,10906,6313,1,0,0,1,0
4658,6196,611,11465,6807,0,2,0,2,2
4781,5855,652,11288,6507,0,0,0,0,0
3923,4493,511,8927,5004,0,1,0,1,1
3814,4888,526,9228,5414,0,1,0,1,1
2016,2395,188,4599,2583,0,1,0,1,1
261,286,35,582,321,0,0,0,0,0
2574,3244,278,6096,3522,0,0,0,0,0
3871,5955,530,10356,6485,1,0,0,1,0
4184,5353,541,10078,5894,0,0,0,0,0
3847,4837,579,9263,5416,0,0,0,0,0
4236,4987,585,9808,5572,2,0,0,2,0
3568,3545,267,7380,3812,0,0,0,0,0
1692,1523,74,3289,1597,0,0,0,0,0
4282,4456,597,9335,5053,1,1,0,2,1
4015,4357,414,8786,4771,0,1,0,1,1
4171,4378,411,8960,4789,0,0,0,0,0
4075,3869,389,8333,4258,1,1,0,2,1
5064,4551,455,10070,5006,0,1,0,1,1
3295,2884,224,6403,3108,2,0,0,2,0
1866,1497,67,3430,1564,0,0,0,0,0
5318,4339,485,10142,4824,1,2,0,3,2
5289,4039,504,9832,4543,1,0,0,1,0
5468,4503,485,10456,4988,2,1,0,3,1
5514,3787,581,9882,4368,1,0,0,1,0
6662,4075,456,11193,4531,2,3,0,5,3
4503,2560,274,7337,2834,0,0,0,0,0
2509,833,66,3408,899,0,0,0,0,0
6419,3229,473,10121,3702,1,0,0,1,0
6411,3892,543,10846,4435,0,0,0,0,0
6531,3934,535,11000,4469,1,0,0,1,0
6552,3477,541,10570,4018,0,1,0,1,1
7511,4064,698,12273,4762,2,2,0,4,2
5093,3350,348,8791,3698,1,0,0,1,0
3127,1506,81,4714,1587,1,0,0,1,0
7040,3777,619,11436,4396,2,1,0,3,1
7226,3650,590,11466,4240,0,0,0,0,0
6862,3690,534,11086,4224,0,0,0,0,0
6740,3651,638,11029,4289,2,2,0,4,2
8146,4653,621,13420,5274,3,3,0,6,3
5644,3221,286,9151,3507,0,2,0,2,2
3289,1805,96,5190,1901,0,0,0,0,0
6890,4293,545,11728,4838,0,1,1,2,2
6548,4441,548,11537,4989,0,1,0,1,1
6049,4079,556,10684,4635,1,1,0,2,1
5884,4063,559,10506,4622,0,2,0,2,2
7294,5654,545,13493,6199,0,1,0,1,1
5253,4108,310,9671,4418,4,1,0,5,1
2977,2171,92,5240,2263,1,0,0,1,0
6174,5221,698,12093,5919,4,2,1,7,3
6596,5008,931,12535,5939,3,1,0,4,1
6362,5139,830,12331,5969,2,0,0,2,0
6195,4933,821,11949,5754,2,1,0,3,1
7744,6473,694,14911,7167,7,2,0,9,2
4848,4619,337,9804,4956,2,0,0,2,0
2916,2811,63,5790,2874,1,0,0,1,0
6556,5741,526,12823,6267,1,2,0,3,2
6962,5669,620,13251,6289,0,1,0,1,1
7017,5568,595,13180,6163,5,0,0,5,0
6734,5317,615,12666,5932,5,2,0,7,2
8226,7105,598,15929,7703,6,3,8,17,11
5322,5273,311,10906,5584,3,2,0,5,2
3266,3161,75,6502,3236,3,0,0,3,0
6412,6120,513,13045,6633,4,1,0,5,1
6341,5775,651,12767,6426,5,0,0,5,0
6185,5057,548,11790,5605,4,1,0,5,1
5590,5007,593,11190,5600,6,0,0,6,0
7182,6613,571,14366,7184,5,2,0,7,2
4293,4460,227,8980,4687,6,1,0,7,1
2494,2735,34,5263,2769,3,0,0,3,0
965,938,32,1935,970,1,0,0,1,0
5266,6890,611,12767,7501,7,0,0,7,0
5365,5529,529,11423,6058,6,0,0,6,0
5125,5143,445,10713,5588,19,2,0,21,2
7106,6951,787,14844,7738,15,5,0,20,5
4112,4666,303,9081,4969,8,2,0,10,2
2465,2805,47,5317,2852,5,0,0,5,0
4939,5902,474,11315,6376,18,1,0,19,1
4893,5761,527,11181,6288,7,2,0,9,2
4684,5932,698,11314,6630,6,9,0,15,9
4107,5825,531,10463,6356,0,2,1,3,3
5175,7258,487,12920,7745,8,3,0,11,3
3154,4845,203,8202,5048,6,0,0,6,0
1748,2950,17,4715,2967,1,2,0,3,2
3825,5950,395,10170,6345,6,3,1,10,4
3700,5385,436,9521,5821,7,0,0,7,0
3555,5298,346,9199,5644,13,1,0,14,1
3297,4745,324,8366,5069,41,7,4,52,11
4213,6405,411,11029,6816,7,0,0,7,0
2654,3686,193,6533,3879,9,2,0,11,2
1522,2379,2,3903,2381,1,0,0,1,0
3364,2552,226,6142,2778,62,0,0,62,0
3521,4204,297,8022,4501,154,7,1,162,8
3283,4258,341,7882,4599,161,7,0,168,7
3433,4531,281,8245,4812,123,13,0,136,13
3827,5453,366,9646,5819,155,38,0,193,38
2152,3374,153,5679,3527,97,23,1,121,24
1168,1974,16,3158,1990,59,14,0,73,14
2794,3353,175,6322,3528,241,28,25,294,53
2592,3673,225,6490,3898,160,27,3,190,30
2316,3316,186,5818,3502,745,1006,14,1765,1020
1843,2435,246,4524,2681,1842,2431,246,4519,2677
1,0,0,1,0,1,0,0,1,0
