first_dose_administered,second_dose_administered,single_dose_administered,all_doses_administered,fully_vaccinated,new_first_dose_administered,new_second_dose_administered,new_single_dose_administered,new_all_doses_administered,new_fully_vaccinated
350,75,1,426,76,1,0,0,1,0
8571,121,1,8693,122,0,0,0,0,0
3973,29,0,4002,29,0,0,0,0,0
12766,526,0,13292,526,1,0,0,1,0
12994,942,1,13937,943,1,0,0,1,0
13087,1685,1,14773,1686,0,0,0,0,0
14198,2636,0,16834,2636,3,0,0,3,0
10425,8807,0,19232,8807,0,1,0,1,1
7491,6523,0,14014,6523,0,0,0,0,0
4483,2801,0,7284,2801,2,0,0,2,0
15038,8413,1,23452,8414,0,0,0,0,0
16567,8085,2,24654,8087,0,1,0,1,1
19211,8278,0,27489,8278,0,0,0,0,0
22611,4001,0,26612,4001,1,0,0,1,0
21785,3190,1,24976,3191,0,0,0,0,0
10697,5143,0,15840,5143,1,0,0,1,0
5082,2557,0,7639,2557,0,0,0,0,0
16021,8315,5,24341,8320,0,0,0,0,0
22792,8461,0,31253,8461,2,0,0,2,0
24009,7530,0,31539,7530,0,1,0,1,1
28171,4440,1,32612,4441,3,0,0,3,0
26912,2631,1,29544,2632,1,0,0,1,0
13195,4412,0,17607,4412,0,1,0,1,1
4313,1532,1,5846,1533,0,0,0,0,0
19901,7929,1,27831,7930,0,0,0,0,0
23270,7908,2,31180,7910,0,1,0,1,1
24910,8387,1,33298,8388,0,0,0,0,0
24780,7866,1,32647,7867,1,1,0,2,1
21769,6595,1,28365,6596,2,0,0,2,0
12007,6651,0,18658,6651,2,0,0,2,0
3357,3432,0,6789,3432,0,0,0,0,0
19297,9888,5,29190,9893,3,3,0,6,3
26645,11279,2,37926,11281,0,2,0,2,2
28351,13295,2,41648,13297,1,0,0,1,0
25677,16359,0,42036,16359,0,1,0,1,1
22346,16440,3,38789,16443,0,0,0,0,0
12884,9735,1,22620,9736,0,2,0,2,2
3041,5389,1,8431,5390,1,1,0,2,1
18117,17361,1,35479,17362,1,0,0,1,0
19671,19291,1,38963,19292,1,1,0,2,1
22798,20243,2,43043,20245,0,0,0,0,0
20145,20146,0,40291,20146,3,0,0,3,0
20401,20239,0,40640,20239,4,3,0,7,3
11971,10469,0,22440,10469,0,0,0,0,0
3956,4073,2,8031,4075,0,0,0,0,0
11003,13060,2,24065,13062,1,0,0,1,0
7534,8898,1,16433,8899,2,0,0,2,0
17747,23415,1,41163,23416,2,0,0,2,0
15334,22099,3,37436,22102,2,3,0,5,3
14181,22305,1,36487,22306,0,2,0,2,2
9473,11386,1,20860,11387,0,1,0,1,1
2438,3577,1,6016,3578,0,0,0,0,0
11730,20185,3,31918,20188,0,2,0,2,2
17663,23493,1,41157,23494,3,0,0,3,0
20216,25024,1,45241,25025,1,0,0,1,0
24126,24841,2,48969,24843,0,0,0,0,0
19250,21987,0,41237,21987,0,3,0,3,3
11627,11964,2,23593,11966,0,0,0,0,0
3729,2752,6,6487,2758,0,1,0,1,1
16530,18378,48,34956,18426,3,2,0,5,2
22407,22787,10,45204,22797,5,2,0,7,2
27515,25535,43,53093,25578,1,1,0,2,1
28554,23481,26,52061,23507,3,3,1,7,4
24891,20459,3752,49102,24211,4,1,0,5,1
15304,10939,4069,30312,15008,1,0,1,2,1
4902,2440,4238,11580,6678,2,0,0,2,0
21753,16458,5155,43366,21613,3,1,0,4,1
26271,18858,1902,47031,20760,2,1,0,3,1
26710,24106,3464,54280,27570,2,1,0,3,1
29503,20869,2349,52721,23218,2,1,0,3,1
24940,19520,5125,49585,24645,0,3,0,3,3
15343,12034,4144,31521,16178,0,0,0,0,0
4393,3214,616,8223,3830,0,0,0,0,0
23078,15068,1449,39595,16517,4,0,1,5,1
30210,17640,1706,49556,19346,1,2,0,3,2
34328,20611,1675,56614,22286,3,1,0,4,1
33794,23903,1937,59634,25840,1,3,0,4,3
27582,18110,2085,47777,20195,4,0,1,5,0
16606,10076,3240,29922,13316,1,1,0,2,1
5626,3329,1109,10064,4438,0,0,0,0,0
26816,15081,1142,43039,16223,0,0,0,0,0
30479,21145,2774,54398,23919,2,3,0,5,3
32248,23979,2490,58717,26469,0,1,0,1,1
32468,24415,2616,59499,27031,1,0,0,1,0
25823,20358,3838,50019,24196,0,1,1,2,2
13754,12508,3522,29784,16030,1,0,0,1,0
4548,4825,33,9406,4858,0,1,0,1,1
23988,21450,919,46357,22369,10,1,0,11,1
29656,23939,2339,55934,26278,1,2,0,3,2
37267,25978,3742,66987,29720,1,1,1,3,2
36284,27393,9207,72884,36600,4,4,0,8,4
19731,18165,9520,47416,27685,1,2,1,4,3
13750,10463,7341,31554,17804,1,1,1,3,2
3616,1596,611,5823,2207,1,3,0,4,3
25054,18582,4767,48403,23349,0,3,0,3,3
37207,22561,4885,64653,27446,0,2,0,2,2
44281,26909,4413,75603,31322,0,4,0,4,4
42107,25807,5336,73250,31143,3,2,0,5,2
36120,22543,6377,65040,28920,0,3,0,3,3
23136,14642,8562,46340,23204,0,1,0,1,1
12163,4137,2308,18608,6445,0,0,0,0,0
26352,21891,3196,51439,25087,3,3,0,6,3
35369,27744,151,63264,27895,1,2,0,3,2
33856,29732,16,63604,29748,1,2,0,3,2
28824,29261,62,58147,29323,0,2,0,2,2
27124,24990,45,52159,25035,1,2,0,3,2
18424,13146,11,31581,13157,0,0,0,0,0
7139,4824,1,11964,4825,0,0,0,0,0
17917,23030,8,40955,23038,1,2,0,3,2
22088,28216,14,50318,28230,0,2,0,2,2
21889,33729,7,55625,33736,0,0,0,0,0
20310,32603,5,52918,32608,0,2,0,2,2
18020,26183,13,44216,26196,1,0,0,1,0
12139,15646,2569,30354,18215,0,1,0,1,1
3570,4507,2273,10350,6780,0,1,0,1,1
15260,25650,2694,43604,28344,1,10,0,11,10
14741,34425,2244,51410,36669,1,2,0,3,2
15357,41091,1986,58434,43077,1,1,0,2,1
15048,42422,2743,60213,45165,0,3,0,3,3
15698,34290,2219,52207,36509,2,1,0,3,1
6570,18553,958,26081,19511,0,0,0,0,0
2280,10706,354,13340,11060,0,0,0,0,0
9935,26588,1204,37727,27792,2,2,0,4,2
12808,35298,1316,49422,36614,0,1,0,1,1
12195,34240,1004,47439,35244,1,0,0,1,0
11573,32109,1345,45027,33454,1,2,0,3,2
12089,29882,1423,43394,31305,0,1,0,1,1
5973,15285,783,22041,16068,0,0,0,0,0
1366,3446,288,5100,3734,0,0,0,0,0
8349,21951,1439,31739,23390,0,0,0,0,0
10674,28475,1286,40435,29761,0,1,1,2,2
9331,30366,1277,40974,31643,1,1,0,2,1
15035,28986,1141,45162,30127,0,0,0,0,0
15388,24865,1360,41613,26225,1,1,0,2,1
11415,15953,934,28302,16887,0,1,0,1,1
5656,7103,411,13170,7514,0,0,0,0,0
13617,19433,1607,34657,21040,3,0,0,3,0
13976,20259,1505,35740,21764,0,1,0,1,1
12941,20435,1394,34770,21829,1,0,0,1,0
11569,17879,1442,30890,19321,0,0,0,0,0
12390,20220,1649,34259,21869,1,1,0,2,1
8581,9688,1037,19306,10725,1,0,0,1,0
3038,2699,415,6152,3114,0,0,0,0,0
9039,13936,1961,24936,15897,1,1,0,2,1
8861,13857,2013,24731,15870,0,0,1,1,0
8633,14497,1616,24746,16113,0,0,0,0,0
8225,14002,1551,23778,15553,0,2,0,2,2
8253,13569,1119,22941,14688,0,0,0,0,0
4319,4684,623,9626,5307,0,0,0,0,0
1926,1536,306,3768,1842,1,0,0,1,0
822,925,141,1888,1066,0,0,0,0,0
7682,14807,981,23470,15788,1,1,0,2,1
6763,10861,890,18514,11751,0,1,0,1,1
6282,14209,1013,21504,15222,1,0,0,1,0
6792,14814,1035,22641,15849,0,2,0,2,2
4686,9640,481,14807,10121,1,1,0,2,1
1834,4081,219,6134,4300,0,0,0,0,0
5848,13261,907,20016,14168,0,1,0,1,1
6220,14948,948,22116,15896,0,0,0,0,0
5622,12295,923,18840,13218,1,0,0,1,0
5572,12366,1057,18995,13423,0,1,1,2,2
5629,12607,922,19158,13529,1,1,0,2,1
3599,8990,479,13068,9469,0,0,0,0,0
1115,2978,202,4295,3180,0,1,0,1,1
4902,9682,931,15515,10613,2,0,0,2,0
5197,11019,905,17121,11924,1,0,3,4,3
4838,9289,865,14992,10154,1,0,0,1,0
4293,8572,699,13564,9271,1,2,0,3,2
4956,9167,814,14937,9981,4,0,0,4,0
3362,5564,493,9419,6057,2,0,0,2,0
1402,1971,186,3559,2157,0,0,0,0,0
4535,4386,716,9637,5102,2,1,0,3,1
4834,8231,730,13795,8961,2,0,0,2,0
4601,6923,682,12206,7605,2,0,0,2,0
3993,6355,738,11086,7093,3,2,0,5,2
4823,6894,768,12485,7662,17,0,0,17,0
3135,4475,445,8055,4920,7,0,0,7,0
1618,1976,114,3708,2090,6,0,0,6,0
4563,5603,663,10829,6266,5,1,0,6,1
4644,6103,600,11347,6703,0,1,1,2,2
4748,5818,633,11199,6451,0,0,0,0,0
3860,4415,495,8770,4910,0,2,0,2,2
3784,4860,517,9161,5377,0,0,0,0,0
2011,2386,184,4581,2570,0,0,0,0,0
257,279,35,571,314,0,0,0,0,0
2556,3231,277,6064,3508,0,0,0,0,0
3834,5923,520,10277,6443,12,6,1,19,6
4133,5313,524,9970,5837,10,2,0,12,2
3826,4815,571,9212,5386,3,1,0,4,1
4209,4953,573,9735,5526,1,0,2,3,2
3546,3527,264,7337,3791,0,1,0,1,1
1680,1514,74,3268,1588,0,0,0,0,0
3809,3958,542,8309,4500,12,9,0,21,9
3812,4090,391,8293,4481,21,29,4,54,33
3996,4087,370,8453,4457,23,28,4,55,32
3911,3586,370,7867,3956,46,18,2,66,20
4820,4259,430,9509,4689,169,83,19,271,102
3145,2742,210,6097,2952,327,48,14,389,62
1797,1481,65,3343,1546,753,599,14,1366,613
3133,2814,365,6312,3179,3133,2814,365,6312,3178
