first_dose_administered,second_dose_administered,single_dose_administered,all_doses_administered,fully_vaccinated,new_first_dose_administered,new_second_dose_administered,new_single_dose_administered,new_all_doses_administered,new_fully_vaccinated
506,102,4,612,106,0,0,0,0,0
8606,128,1,8735,129,1,0,0,1,0
3980,46,0,4026,46,0,0,0,0,0
12837,548,1,13386,549,0,0,0,0,0
13146,955,1,14102,956,2,0,0,2,0
13130,1699,1,14830,1700,2,0,0,2,0
14235,2645,0,16880,2645,1,0,0,1,0
10454,8819,0,19273,8819,1,1,0,2,1
7515,6523,0,14038,6523,0,0,0,0,0
4484,2811,0,7295,2811,0,0,0,0,0
15076,8419,1,23496,8420,3,0,0,3,0
16606,8110,2,24718,8112,1,0,0,1,0
19276,8287,0,27563,8287,3,0,0,3,0
22648,4019,0,26667,4019,0,0,0,0,0
21837,3225,2,25064,3227,4,0,0,4,0
10698,5153,0,15851,5153,0,0,0,0,0
5089,2557,0,7646,2557,0,0,0,0,0
16040,8335,5,24380,8340,0,1,0,1,1
22851,8481,0,31332,8481,1,0,0,1,0
24042,7582,0,31624,7582,0,0,0,0,0
28284,4490,1,32775,4491,1,1,0,2,1
26958,2669,1,29628,2670,0,0,0,0,0
13188,4436,0,17624,4436,1,2,0,3,2
4316,1544,3,5863,1547,0,0,0,0,0
19986,8000,2,27988,8002,1,2,0,3,2
23276,7950,2,31228,7952,3,3,0,6,3
24901,8485,1,33387,8486,1,2,0,3,2
24822,7920,1,32743,7921,3,1,0,4,1
21804,6636,1,28441,6637,4,2,0,6,2
12018,6677,1,18696,6678,2,0,0,2,0
3355,3440,0,6795,3440,0,0,0,0,0
19528,10082,9,29619,10091,3,1,0,4,1
26728,11432,3,38163,11435,1,2,0,3,2
28382,13345,2,41729,13347,1,1,0,2,1
25746,16457,1,42204,16458,1,1,0,2,1
22372,16492,3,38867,16495,3,2,0,5,2
12890,9747,1,22638,9748,1,0,0,1,0
3058,5394,1,8453,5395,0,0,0,0,0
18156,17397,1,35554,17398,2,1,0,3,1
19698,19313,1,39012,19314,1,2,0,3,2
22809,20319,2,43130,20321,2,0,0,2,0
20152,20210,0,40362,20210,2,0,0,2,0
20426,20275,0,40701,20275,3,4,0,7,4
11993,10475,0,22468,10475,1,0,0,1,0
3973,4075,1,8049,4076,4,0,0,4,0
11064,13128,3,24195,13131,0,2,0,2,2
7533,8964,3,16500,8967,1,3,0,4,3
17758,23437,1,41196,23438,0,2,0,2,2
15293,22169,3,37465,22172,0,2,0,2,2
14205,22315,1,36521,22316,1,2,0,3,2
9493,11409,1,20903,11410,0,3,0,3,3
2456,3603,2,6061,3605,0,0,0,0,0
11728,20286,4,32018,20290,0,2,0,2,2
17678,23515,2,41195,23517,0,4,0,4,4
20243,25060,1,45304,25061,1,1,0,2,1
24163,24858,3,49024,24861,1,2,0,3,2
19281,22028,1,41310,22029,1,4,0,5,4
11625,11977,2,23604,11979,0,3,0,3,3
3750,2793,6,6549,2799,0,1,0,1,1
16959,18573,83,35615,18656,3,1,0,4,1
22500,22858,15,45373,22873,2,3,0,5,3
27586,25552,49,53187,25601,1,2,0,3,2
28572,23542,29,52143,23571,0,2,0,2,2
24907,20528,3771,49206,24299,1,1,0,2,1
15319,10967,4079,30365,15046,1,0,0,1,0
4916,2458,4235,11609,6693,0,0,0,0,0
21810,16510,5156,43476,21666,1,2,0,3,2
26305,18914,1904,47123,20818,2,2,0,4,2
26759,24130,3470,54359,27600,0,2,0,2,2
29535,20891,2352,52778,23243,2,1,0,3,1
24954,19577,5127,49658,24704,1,2,0,3,2
15349,12050,4151,31550,16201,1,0,0,1,0
4405,3230,618,8253,3848,0,0,0,0,0
23137,15154,1461,39752,16615,2,0,1,3,1
30230,17686,1711,49627,19397,1,2,0,3,2
34323,20665,1674,56662,22339,0,1,0,1,1
33806,23962,1941,59709,25903,2,1,1,4,2
27606,18157,2088,47851,20245,0,2,0,2,2
16635,10106,3239,29980,13345,2,0,0,2,0
5657,3359,1110,10126,4469,1,0,0,1,0
26819,15150,1143,43112,16293,1,1,0,2,1
30479,21188,2775,54442,23963,0,2,0,2,2
32248,24024,2498,58770,26522,3,2,0,5,2
32463,24510,2623,59596,27133,0,1,0,1,1
25824,20420,3839,50083,24259,0,3,0,3,3
13747,12544,3521,29812,16065,0,0,0,0,0
4560,4838,35,9433,4873,0,0,0,0,0
24000,21504,919,46423,22423,0,2,0,2,2
29653,23993,2340,55986,26333,1,2,0,3,2
37254,26069,3752,67075,29821,0,1,0,1,1
36524,27643,9228,73395,36871,0,1,0,1,1
19783,18229,9533,47545,27762,2,2,0,4,2
13762,10478,7350,31590,17828,0,2,0,2,2
3628,1614,612,5854,2226,0,0,0,0,0
25085,18640,4774,48499,23414,2,3,0,5,2
37205,22622,4890,64717,27512,1,2,0,3,2
44280,26963,4433,75676,31396,1,1,0,2,1
42093,25865,5365,73323,31230,1,3,1,5,4
36121,22565,6404,65090,28969,1,0,0,1,0
23143,14660,8583,46386,23243,0,2,0,2,2
12162,4149,2316,18627,6465,0,0,0,0,0
26374,21908,3209,51491,25117,1,2,1,4,3
35363,27770,150,63283,27920,2,1,1,4,2
33851,29741,19,63611,29760,0,1,0,1,1
28822,29302,70,58194,29372,0,1,0,1,1
27116,25007,45,52168,25052,0,2,0,2,2
18421,13158,11,31590,13169,0,0,0,0,0
7144,4836,2,11982,4838,0,0,0,0,0
17924,23046,10,40980,23056,0,1,0,1,1
22078,28252,13,50343,28265,0,0,0,0,0
21929,33761,8,55698,33769,0,2,0,2,2
20308,32614,6,52928,32620,0,3,0,3,3
18024,26214,13,44251,26227,0,3,0,3,3
12130,15659,2566,30355,18225,0,0,0,0,0
3573,4523,2271,10367,6794,0,0,0,0,0
15253,25675,2695,43623,28370,0,0,0,0,0
14733,34405,2247,51385,36652,0,1,0,1,1
15361,41083,1986,58430,43069,2,0,0,2,0
15042,42406,2743,60191,45149,0,0,0,0,0
15698,34306,2228,52232,36534,0,2,0,2,2
6643,18669,972,26284,19641,1,0,0,1,0
2287,10712,358,13357,11070,0,0,0,0,0
9976,26689,1210,37875,27899,1,1,0,2,1
12824,35282,1322,49428,36604,0,1,0,1,1
12207,34249,1008,47464,35257,0,2,0,2,2
11573,32101,1347,45021,33448,1,3,0,4,3
12091,29875,1425,43391,31300,0,0,0,0,0
5979,15278,786,22043,16064,0,0,0,0,0
1372,3460,290,5122,3750,0,0,0,0,0
8363,21969,1442,31774,23411,0,2,0,2,2
10690,28460,1292,40442,29752,0,1,0,1,1
9329,30364,1280,40973,31644,0,0,0,0,0
15050,28963,1143,45156,30106,0,1,0,1,1
15422,24856,1361,41639,26217,0,2,0,2,2
11447,15955,935,28337,16890,0,0,0,0,0
5667,7101,411,13179,7512,0,0,0,0,0
13639,19425,1608,34672,21033,0,0,0,0,0
13977,20240,1507,35724,21747,0,0,0,0,0
12949,20452,1396,34797,21848,0,2,0,2,2
11665,17909,1447,31021,19356,1,0,0,1,0
12408,20242,1654,34304,21896,1,1,0,2,1
8597,9681,1036,19314,10717,0,0,0,0,0
3041,2700,415,6156,3115,0,0,0,0,0
9051,13949,1971,24971,15920,0,0,0,0,0
8872,13864,2021,24757,15885,0,0,0,0,0
8657,14494,1617,24768,16111,1,0,0,1,0
8235,14000,1554,23789,15554,0,0,0,0,0
8267,13571,1122,22960,14693,0,0,0,0,0
4325,4694,624,9643,5318,0,0,0,0,0
1932,1537,306,3775,1843,0,0,0,0,0
829,939,143,1911,1082,1,1,0,2,1
7725,14854,992,23571,15846,1,2,0,3,2
6784,10866,891,18541,11757,0,0,0,0,0
6292,14221,1012,21525,15233,0,0,0,0,0
6798,14835,1039,22672,15874,0,0,0,0,0
4691,9661,484,14836,10145,0,0,0,0,0
1840,4113,218,6171,4331,0,1,0,1,1
5881,13289,908,20078,14197,1,0,1,2,1
6284,14949,951,22184,15900,0,0,0,0,0
5637,12314,926,18877,13240,0,0,0,0,0
5534,12422,1075,19031,13497,0,0,0,0,0
5628,12635,924,19187,13559,0,0,0,0,0
3596,9001,482,13079,9483,0,0,0,0,0
1135,2982,230,4347,3212,0,0,0,0,0
4915,9716,931,15562,10647,0,0,0,0,0
5202,11052,902,17156,11954,0,0,0,0,0
4845,9314,863,15022,10177,0,0,0,0,0
4299,8591,701,13591,9292,0,1,0,1,1
4979,9172,815,14966,9987,0,0,0,0,0
3377,5577,496,9450,6073,0,0,0,0,0
1415,1977,187,3579,2164,0,0,0,0,0
4551,4407,719,9677,5126,0,0,1,1,1
4856,8252,731,13839,8983,0,0,0,0,0
4616,6946,684,12246,7630,0,0,0,0,0
4002,6358,737,11097,7095,0,0,0,0,0
4837,6891,769,12497,7660,0,0,0,0,0
3139,4481,445,8065,4926,0,0,0,0,0
1619,1981,114,3714,2095,0,0,0,0,0
4595,5641,665,10901,6306,0,0,0,0,0
4660,6184,608,11452,6792,1,0,0,1,0
4780,5854,652,11286,6506,0,1,0,1,1
3911,4480,506,8897,4986,0,2,0,2,2
3815,4879,526,9220,5405,0,0,0,0,0
2020,2390,186,4596,2576,0,0,0,0,0
258,284,35,577,319,0,0,0,0,0
2572,3246,278,6096,3524,0,0,0,0,0
3857,5952,527,10336,6479,0,1,0,1,1
4157,5351,539,10047,5890,0,1,0,1,1
3844,4834,578,9256,5412,0,0,0,0,0
4237,4978,583,9798,5561,0,0,0,0,0
3568,3546,266,7380,3812,0,0,0,0,0
1691,1521,74,3286,1595,0,0,0,0,0
4261,4432,590,9283,5022,1,1,0,2,1
4007,4353,411,8771,4764,0,0,0,0,0
4171,4373,409,8953,4782,0,0,0,0,0
4072,3863,385,8320,4248,0,0,0,0,0
5065,4548,451,10064,4999,0,0,0,0,0
3291,2885,223,6399,3108,0,0,0,0,0
1865,1494,67,3426,1561,0,0,0,0,0
5309,4336,478,10123,4814,0,1,0,1,1
5287,4039,497,9823,4536,0,0,0,0,0
5463,4495,478,10436,4973,0,0,0,0,0
5509,3776,579,9864,4355,0,0,0,0,0
6658,4072,452,11182,4524,1,0,0,1,0
4498,2558,274,7330,2832,0,0,0,0,0
2510,829,66,3405,895,0,0,0,0,0
6415,3229,471,10115,3700,0,0,0,0,0
6412,3885,543,10840,4428,0,1,0,1,1
6526,3925,536,10987,4461,0,0,0,0,0
6547,3472,539,10558,4011,0,0,0,0,0
7511,4059,693,12263,4752,0,1,0,1,1
5092,3344,348,8784,3692,0,0,0,0,0
3112,1497,78,4687,1575,1,0,0,1,0
7049,3760,616,11425,4376,2,1,0,3,1
7215,3645,588,11448,4233,1,0,0,1,0
6815,3619,520,10954,4139,0,0,0,0,0
6673,3570,632,10875,4202,0,1,0,1,1
8037,4586,586,13209,5172,1,0,0,1,0
5610,3190,286,9086,3476,0,0,0,0,0
3269,1788,95,5152,1883,1,0,0,1,0
6760,4205,535,11500,4740,6,0,3,9,3
6399,4324,530,11253,4854,5,1,3,9,4
5920,3989,537,10446,4526,7,1,0,8,1
5747,3949,552,10248,4501,3,0,0,3,0
7143,5542,536,13221,6078,5,1,0,6,1
5209,4072,309,9590,4381,0,0,0,0,0
2903,2132,88,5123,2220,0,1,0,1,1
5988,5072,677,11737,5749,8,0,0,8,0
6434,4916,907,12257,5823,5,2,0,7,2
6204,5005,818,12027,5823,13,0,0,13,0
6060,4823,817,11700,5640,3,0,2,5,2
7533,6330,688,14551,7018,3,0,0,3,0
4796,4553,332,9681,4885,0,0,0,0,0
2830,2798,60,5688,2858,0,1,0,1,1
6425,5619,517,12561,6136,2,0,0,2,0
6821,5547,607,12975,6154,4,0,0,4,0
6908,5474,580,12962,6054,6,2,0,8,2
6574,5250,616,12440,5866,4,3,0,7,3
8012,7008,532,15552,7540,3,3,3,9,6
5292,5249,309,10850,5558,1,0,0,1,0
3227,3146,72,6445,3218,0,0,0,0,0
6134,6020,490,12644,6510,0,3,0,3,3
6090,5677,629,12396,6306,0,4,1,5,5
5841,4859,515,11215,5374,12,22,0,34,22
5308,4927,567,10802,5494,11,12,2,25,14
6924,6478,551,13953,7029,13,14,2,29,16
4154,4431,219,8804,4650,1,2,0,3,2
2419,2691,25,5135,2716,0,0,0,0,0
924,912,21,1857,933,1,2,0,3,2
5011,6705,590,12306,7295,7,6,4,17,10
5125,5381,507,11013,5888,11,19,2,32,21
4864,5005,435,10304,5440,21,7,4,32,11
6765,6781,756,14302,7537,33,21,14,68,35
3958,4558,282,8798,4840,25,2,0,27,2
2382,2763,44,5189,2807,5,1,0,6,1
4576,5720,440,10736,6160,81,33,2,116,35
4325,5554,475,10354,6029,2003,2684,34,4721,2718
2841,4120,563,7524,4683,2839,4119,563,7521,4678
1,2,0,3,2,1,2,0,3,2
