first_dose_administered,second_dose_administered,single_dose_administered,all_doses_administered,fully_vaccinated,new_first_dose_administered,new_second_dose_administered,new_single_dose_administered,new_all_doses_administered,new_fully_vaccinated
372,81,1,454,82,0,0,0,0,0
8577,123,1,8701,124,0,0,0,0,0
3969,44,0,4013,44,0,0,0,0,0
12767,540,1,13308,541,1,0,0,1,0
13003,945,1,13949,946,0,0,0,0,0
13094,1687,1,14782,1688,1,0,0,1,0
14213,2639,0,16852,2639,2,1,0,3,1
10431,8806,0,19237,8806,1,0,0,1,0
7498,6521,0,14019,6521,1,0,0,1,0
4483,2803,0,7286,2803,0,0,0,0,0
15047,8410,1,23458,8411,1,0,0,1,0
16575,8092,2,24669,8094,0,0,0,0,0
19221,8281,0,27502,8281,0,1,0,1,1
22621,4002,0,26623,4002,2,0,0,2,0
21799,3187,1,24987,3188,3,0,0,3,0
10694,5149,0,15843,5149,0,0,0,0,0
5085,2551,0,7636,2551,1,0,0,1,0
16022,8321,5,24348,8326,2,0,0,2,0
22800,8462,0,31262,8462,4,0,0,4,0
24028,7535,0,31563,7535,1,2,0,3,2
28181,4453,1,32635,4454,1,0,0,1,0
26926,2635,1,29562,2636,5,0,0,5,0
13196,4418,0,17614,4418,0,0,0,0,0
4315,1533,2,5850,1535,0,0,1,1,1
19909,7939,1,27849,7940,0,0,0,0,0
23275,7916,2,31193,7918,0,0,0,0,0
24902,8411,1,33314,8412,3,0,0,3,0
24788,7881,1,32670,7882,1,0,0,1,0
21772,6615,1,28388,6616,4,1,0,5,1
12010,6662,0,18672,6662,1,0,0,1,0
3353,3435,0,6788,3435,0,0,0,0,0
19352,9944,7,29303,9951,3,0,0,3,0
26666,11296,2,37964,11298,2,1,0,3,1
28352,13312,2,41666,13314,0,1,0,1,1
25688,16367,0,42055,16367,0,4,0,4,4
22345,16446,3,38794,16449,1,1,0,2,1
12886,9736,1,22623,9737,0,0,0,0,0
3045,5386,1,8432,5387,0,0,0,0,0
18130,17372,1,35503,17373,1,3,0,4,3
19674,19286,1,38961,19287,0,2,0,2,2
22804,20257,2,43063,20259,2,1,0,3,1
20144,20160,0,40304,20160,0,2,0,2,2
20410,20253,0,40663,20253,3,5,0,8,5
11978,10470,0,22448,10470,0,0,0,0,0
3961,4076,2,8039,4078,0,0,0,0,0
11016,13079,3,24098,13082,0,0,0,0,0
7542,8898,2,16442,8900,2,1,0,3,1
17756,23424,1,41181,23425,1,2,0,3,2
15342,22101,3,37446,22104,0,0,0,0,0
14187,22305,1,36493,22306,1,2,0,3,2
9476,11395,1,20872,11396,2,0,0,2,0
2445,3585,1,6031,3586,0,0,0,0,0
11736,20189,4,31929,20193,1,0,0,1,0
17663,23496,1,41160,23497,0,1,0,1,1
20215,25034,1,45250,25035,1,3,0,4,3
24128,24852,2,48982,24854,0,0,0,0,0
19258,21990,1,41249,21991,2,4,0,6,4
11624,11966,2,23592,11968,0,1,0,1,1
3732,2766,6,6504,2772,0,2,0,2,2
16611,18419,54,35084,18473,1,1,1,3,2
22433,22795,12,45240,22807,2,1,0,3,1
27537,25531,44,53112,25575,2,0,0,2,0
28567,23497,26,52090,23523,0,0,0,0,0
24889,20475,3756,49120,24231,3,3,1,7,4
15311,10943,4073,30327,15016,0,0,0,0,0
4907,2449,4239,11595,6688,0,0,0,0,0
21766,16467,5156,43389,21623,0,1,0,1,1
26275,18870,1901,47046,20771,2,0,0,2,0
26733,24099,3469,54301,27568,2,1,1,4,2
29509,20873,2350,52732,23223,1,0,0,1,0
24943,19527,5124,49594,24651,2,4,0,6,4
15348,12039,4144,31531,16183,2,1,1,4,2
4395,3224,618,8237,3842,0,0,1,1,1
23090,15091,1450,39631,16541,0,1,0,1,1
30215,17651,1708,49574,19359,2,1,0,3,1
34324,20625,1674,56623,22299,0,1,0,1,1
33791,23921,1937,59649,25858,2,1,0,3,1
27590,18114,2088,47792,20202,0,1,0,1,1
16616,10080,3240,29936,13320,0,1,0,1,1
5636,3332,1109,10077,4441,0,0,0,0,0
26824,15094,1142,43060,16236,1,0,0,1,0
30484,21152,2772,54408,23924,1,0,0,1,0
32254,23984,2493,58731,26477,0,0,0,0,0
32468,24427,2618,59513,27045,1,0,0,1,0
25830,20366,3838,50034,24204,1,1,0,2,1
13753,12519,3523,29795,16042,1,0,0,1,0
4554,4827,34,9415,4861,0,0,0,0,0
23997,21464,919,46380,22383,1,1,0,2,1
29668,23953,2339,55960,26292,3,4,0,7,4
37260,26009,3746,67015,29755,3,1,0,4,1
36329,27440,9216,72985,36656,4,0,0,4,0
19737,18185,9523,47445,27708,1,3,1,5,4
13750,10467,7339,31556,17806,0,1,0,1,1
3617,1602,611,5830,2213,0,0,0,0,0
25069,18586,4769,48424,23355,1,1,0,2,1
37205,22577,4885,64667,27462,1,1,1,3,2
44284,26931,4413,75628,31344,3,1,0,4,1
42114,25809,5338,73261,31147,1,1,0,2,1
36125,22549,6381,65055,28930,1,0,0,1,0
23140,14651,8565,46356,23216,1,1,0,2,1
12160,4144,2309,18613,6453,0,1,0,1,1
26356,21907,3199,51462,25106,2,0,0,2,0
35369,27740,151,63260,27891,1,2,0,3,2
33856,29744,18,63618,29762,2,0,0,2,0
28827,29269,64,58160,29333,0,3,0,3,3
27114,24998,45,52157,25043,1,0,0,1,0
18422,13153,11,31586,13164,1,1,0,2,1
7140,4828,1,11969,4829,1,0,0,1,0
17917,23034,8,40959,23042,1,1,0,2,1
22085,28237,14,50336,28251,1,4,0,5,4
21918,33749,7,55674,33756,3,2,0,5,2
20313,32596,6,52915,32602,1,0,0,1,0
18021,26185,13,44219,26198,0,2,0,2,2
12134,15653,2567,30354,18220,0,1,0,1,1
3570,4517,2273,10360,6790,0,2,0,2,2
15259,25675,2693,43627,28368,0,0,0,0,0
14739,34425,2244,51408,36669,0,2,0,2,2
15356,41093,1986,58435,43079,0,1,0,1,1
15043,42420,2744,60207,45164,0,1,0,1,1
15698,34292,2219,52209,36511,2,2,0,4,2
6591,18582,962,26135,19544,2,2,0,4,2
2283,10709,354,13346,11063,1,1,0,2,1
9957,26654,1205,37816,27859,0,0,0,0,0
12812,35293,1317,49422,36610,1,1,0,2,1
12197,34246,1003,47446,35249,0,3,0,3,3
11573,32105,1344,45022,33449,0,1,0,1,1
12090,29883,1424,43397,31307,1,3,0,4,3
5978,15285,783,22046,16068,0,0,0,0,0
1367,3447,288,5102,3735,1,0,0,1,0
8354,21954,1440,31748,23394,0,3,1,4,4
10675,28474,1287,40436,29761,0,0,0,0,0
9323,30381,1278,40982,31659,0,2,0,2,2
15032,28984,1142,45158,30126,0,1,0,1,1
15389,24857,1359,41605,26216,0,1,0,1,1
11423,15947,934,28304,16881,1,0,0,1,0
5658,7102,411,13171,7513,0,0,0,0,0
13616,19430,1607,34653,21037,0,0,0,0,0
13976,20253,1505,35734,21758,1,1,0,2,1
12933,20444,1395,34772,21839,1,2,0,3,2
11646,17905,1445,30996,19350,0,0,0,0,0
12388,20230,1651,34269,21881,2,4,0,6,4
8583,9682,1036,19301,10718,1,0,0,1,0
3038,2699,415,6152,3114,0,0,0,0,0
9028,13945,1963,24936,15908,0,0,0,0,0
8868,13860,2018,24746,15878,0,1,1,2,2
8633,14497,1617,24747,16114,0,0,0,0,0
8223,14001,1554,23778,15555,1,0,1,2,1
8254,13571,1119,22944,14690,0,1,0,1,1
4320,4688,624,9632,5312,0,0,0,0,0
1926,1535,306,3767,1841,0,0,0,0,0
822,926,141,1889,1067,0,0,0,0,0
7685,14815,983,23483,15798,0,0,1,1,1
6766,10857,890,18513,11747,1,1,0,2,1
6283,14206,1014,21503,15220,0,0,0,0,0
6791,14818,1036,22645,15854,1,1,0,2,1
4686,9643,483,14812,10126,0,2,0,2,2
1835,4087,219,6141,4306,0,1,0,1,1
5854,13267,907,20028,14174,0,1,0,1,1
6226,14951,948,22125,15899,1,0,0,1,0
5622,12301,923,18846,13224,0,0,0,0,0
5527,12405,1072,19004,13477,0,0,0,0,0
5629,12604,922,19155,13526,0,2,0,2,2
3597,8991,479,13067,9470,0,0,0,0,0
1114,2978,202,4294,3180,0,0,0,0,0
4906,9692,931,15529,10623,0,2,0,2,2
5198,11023,902,17123,11925,1,0,0,1,0
4840,9300,865,15005,10165,0,0,0,0,0
4287,8584,700,13571,9284,0,0,0,0,0
4962,9167,814,14943,9981,0,0,0,0,0
3363,5567,492,9422,6059,0,1,0,1,1
1407,1971,186,3564,2157,0,0,0,0,0
4533,4398,715,9646,5113,0,1,0,1,1
4845,8234,730,13809,8964,3,1,0,4,1
4609,6926,684,12219,7610,1,0,0,1,0
3994,6360,738,11092,7098,1,0,0,1,0
4827,6893,768,12488,7661,1,1,0,2,1
3139,4480,445,8064,4925,1,0,0,1,0
1617,1976,114,3707,2090,0,0,0,0,0
4577,5617,661,10855,6278,2,3,0,5,1
4649,6105,604,11358,6709,1,0,0,1,0
4761,5821,635,11217,6456,2,2,0,4,2
3868,4417,502,8787,4919,0,0,0,0,0
3789,4865,519,9173,5384,2,0,2,4,2
2012,2387,186,4585,2573,2,1,0,3,1
257,279,35,571,314,0,0,0,0,0
2556,3237,277,6070,3514,0,0,0,0,0
3839,5940,521,10300,6461,0,1,0,1,1
4146,5322,535,10003,5857,2,0,4,6,4
3832,4820,570,9222,5390,1,0,1,2,1
4217,4961,577,9755,5538,2,0,1,3,1
3561,3537,264,7362,3801,5,0,0,5,0
1683,1517,74,3274,1591,4,1,0,5,1
4250,4368,583,9201,4951,47,4,2,53,6
3981,4337,398,8716,4735,0,0,0,0,0
4141,4353,408,8902,4761,1,1,1,3,2
4058,3843,379,8280,4222,3,0,1,4,1
5032,4533,449,10014,4982,0,1,0,1,1
3274,2884,220,6378,3104,0,1,0,1,1
1861,1487,67,3415,1554,2,0,0,2,0
5268,4315,468,10051,4783,1,0,0,1,0
5240,4032,482,9754,4514,1,0,0,1,0
5411,4440,471,10322,4911,2,2,0,4,2
5485,3780,568,9833,4348,9,1,0,10,1
6615,4034,438,11087,4472,4,5,1,10,6
4483,2547,265,7295,2812,3,0,0,3,0
2502,826,66,3394,892,0,0,0,0,0
6395,3205,457,10057,3662,11,1,2,14,3
6372,3835,525,10732,4360,23,12,2,37,14
6462,3880,503,10845,4383,32,10,7,49,17
6431,3416,514,10361,3930,151,21,6,178,27
7403,3980,661,12044,4641,940,63,80,1083,140
5042,3314,336,8692,3650,1004,59,60,1123,118
2877,1488,76,4441,1564,1361,679,22,2062,700
4414,2409,504,7327,2913,4413,2409,504,7326,2910
