first_dose_administered,second_dose_administered,single_dose_administered,all_doses_administered,fully_vaccinated,new_first_dose_administered,new_second_dose_administered,new_single_dose_administered,new_all_doses_administered,new_fully_vaccinated
498,101,4,603,105,1,0,0,1,0
8603,127,1,8731,128,1,0,0,1,0
3977,46,0,4023,46,0,0,0,0,0
12832,547,1,13380,548,1,0,0,1,0
13143,955,1,14099,956,2,0,0,2,0
13120,1698,1,14819,1699,3,0,0,3,0
14232,2645,0,16877,2645,3,1,0,4,1
10453,8817,0,19270,8817,2,2,0,4,2
7515,6523,0,14038,6523,0,0,0,0,0
4484,2810,0,7294,2810,0,0,0,0,0
15069,8419,1,23489,8420,1,0,0,1,0
16604,8108,2,24714,8110,1,1,0,2,1
19271,8286,0,27557,8286,2,0,0,2,0
22645,4018,0,26663,4018,2,0,0,2,0
21829,3222,2,25053,3224,2,0,0,2,0
10699,5151,0,15850,5151,1,0,0,1,0
5089,2556,0,7645,2556,0,1,0,1,1
16040,8332,5,24377,8337,1,0,0,1,0
22851,8481,0,31332,8481,1,0,0,1,0
24047,7579,0,31626,7579,0,0,0,0,0
28281,4484,1,32766,4485,1,1,0,2,1
26952,2668,1,29621,2669,1,0,0,1,0
13185,4436,0,17621,4436,1,0,0,1,0
4316,1544,3,5863,1547,0,0,0,0,0
19986,7995,2,27983,7997,2,2,0,4,2
23273,7946,2,31221,7948,3,0,0,3,0
24902,8480,1,33383,8481,1,0,0,1,0
24820,7917,1,32738,7918,6,3,0,9,3
21800,6632,1,28433,6633,1,0,0,1,0
12015,6678,1,18694,6679,1,0,0,1,0
3355,3440,0,6795,3440,0,0,0,0,0
19512,10070,9,29591,10079,1,1,0,2,1
26720,11427,3,38150,11430,1,3,0,4,3
28382,13339,2,41723,13341,0,3,0,3,3
25744,16455,0,42199,16455,1,2,0,3,2
22366,16488,3,38857,16491,1,3,0,4,3
12889,9748,1,22638,9749,1,1,0,2,1
3057,5395,1,8453,5396,0,0,0,0,0
18153,17390,1,35544,17391,1,2,0,3,2
19696,19308,1,39005,19309,1,3,0,4,3
22806,20314,2,43122,20316,4,1,0,5,1
20147,20205,0,40352,20205,2,1,0,3,1
20426,20270,0,40696,20270,0,5,0,5,5
11991,10477,0,22468,10477,0,1,0,1,1
3968,4073,1,8042,4074,0,0,0,0,0
11063,13122,3,24188,13125,1,0,0,1,0
7530,8959,3,16492,8962,2,1,0,3,1
17759,23436,1,41196,23437,0,1,0,1,1
15298,22169,3,37470,22172,1,2,0,3,2
14202,22316,1,36519,22317,2,2,0,4,2
9491,11404,1,20896,11405,1,1,0,2,1
2455,3602,2,6059,3604,1,0,0,1,0
11728,20288,4,32020,20292,1,1,0,2,1
17679,23508,2,41189,23510,0,0,0,0,0
20242,25062,1,45305,25063,1,3,0,4,3
24164,24857,3,49024,24860,2,2,0,4,2
19280,22018,1,41299,22019,1,1,0,2,1
11626,11976,2,23604,11978,0,2,0,2,2
3749,2785,6,6540,2791,1,0,0,1,0
16915,18569,79,35563,18648,2,5,0,7,5
22494,22855,15,45364,22870,1,1,0,2,1
27580,25544,49,53173,25593,1,0,0,1,0
28569,23537,29,52135,23566,2,3,0,5,3
24898,20528,3770,49196,24298,2,1,1,4,2
15319,10965,4080,30364,15045,1,1,1,3,2
4915,2458,4235,11608,6693,0,0,0,0,0
21809,16505,5155,43469,21660,3,0,0,3,0
26304,18903,1906,47113,20809,0,2,0,2,2
26761,24126,3471,54358,27597,4,2,0,6,2
29535,20889,2352,52776,23241,2,2,0,4,2
24952,19572,5126,49650,24698,2,2,1,5,2
15346,12050,4150,31546,16200,1,0,0,1,0
4403,3232,618,8253,3850,0,1,0,1,1
23132,15149,1460,39741,16609,1,0,0,1,0
30232,17680,1711,49623,19391,1,1,0,2,1
34323,20663,1674,56660,22337,2,1,0,3,1
33803,23961,1939,59703,25900,0,5,0,5,5
27603,18153,2088,47844,20241,1,0,0,1,0
16632,10101,3240,29973,13341,2,1,0,3,1
5655,3360,1109,10124,4469,0,1,0,1,1
26824,15144,1143,43111,16287,2,1,0,3,1
30485,21177,2775,54437,23952,0,1,1,2,2
32246,24017,2498,58761,26515,1,0,0,1,0
32462,24503,2623,59588,27126,1,1,2,4,3
25826,20409,3839,50074,24248,1,6,0,7,6
13750,12545,3521,29816,16066,4,0,0,4,0
4561,4835,35,9431,4870,0,0,0,0,0
23998,21505,919,46422,22424,0,2,0,2,2
29655,23986,2340,55981,26326,0,1,0,1,1
37254,26065,3752,67071,29817,2,1,1,4,2
36506,27622,9228,73356,36850,1,3,0,4,3
19780,18226,9532,47538,27758,6,3,0,9,3
13761,10478,7351,31590,17829,1,0,0,1,0
3628,1614,613,5855,2227,0,0,0,0,0
25083,18631,4774,48488,23405,0,1,0,1,1
37207,22622,4889,64718,27511,0,1,0,1,1
44281,26964,4433,75678,31397,0,2,0,2,2
42093,25855,5362,73310,31217,1,3,1,5,4
36124,22561,6404,65089,28965,3,2,0,5,2
23143,14660,8582,46385,23242,0,4,0,4,4
12162,4148,2316,18626,6464,0,0,0,0,0
26373,21905,3208,51486,25113,4,2,0,6,2
35358,27771,149,63278,27920,0,0,0,0,0
33853,29740,19,63612,29759,2,0,0,2,0
28822,29301,69,58192,29370,2,0,0,2,0
27118,25008,45,52171,25053,0,2,0,2,2
18423,13157,11,31591,13168,2,1,0,3,1
7146,4835,2,11983,4837,0,0,0,0,0
17923,23046,10,40979,23056,4,1,0,5,1
22078,28250,13,50341,28263,1,2,0,3,2
21925,33762,7,55694,33769,0,3,0,3,3
20311,32608,6,52925,32614,0,0,0,0,0
18024,26216,13,44253,26229,0,4,0,4,4
12130,15660,2566,30356,18226,0,1,0,1,1
3573,4523,2271,10367,6794,1,0,0,1,0
15253,25675,2694,43622,28369,1,0,0,1,0
14735,34407,2246,51388,36653,1,1,0,2,1
15359,41084,1986,58429,43070,1,0,0,1,0
15041,42406,2743,60190,45149,0,2,1,3,3
15698,34304,2228,52230,36532,0,5,0,5,5
6636,18666,971,26273,19637,0,1,0,1,1
2287,10711,358,13356,11069,0,0,0,0,0
9974,26689,1210,37873,27899,0,3,0,3,3
12824,35280,1321,49425,36601,0,0,0,0,0
12205,34247,1008,47460,35255,1,2,0,3,2
11574,32100,1347,45021,33447,0,1,0,1,1
12092,29874,1425,43391,31299,1,2,0,3,2
5979,15281,786,22046,16067,0,1,0,1,1
1372,3459,290,5121,3749,1,0,0,1,0
8364,21967,1442,31773,23409,0,3,0,3,3
10687,28462,1292,40441,29754,0,3,0,3,3
9329,30364,1280,40973,31644,1,0,0,1,0
15051,28963,1143,45157,30106,0,1,0,1,1
15420,24857,1360,41637,26217,0,1,0,1,1
11447,15958,935,28340,16893,0,0,0,0,0
5665,7102,411,13178,7513,0,2,0,2,2
13637,19428,1608,34673,21036,0,2,0,2,2
13976,20243,1507,35726,21750,0,1,0,1,1
12950,20451,1396,34797,21847,0,0,0,0,0
11662,17911,1447,31020,19358,0,0,0,0,0
12406,20239,1654,34299,21893,0,0,0,0,0
8595,9680,1036,19311,10716,2,0,0,2,0
3041,2700,415,6156,3115,1,0,0,1,0
9051,13948,1971,24970,15919,0,0,0,0,0
8871,13865,2021,24757,15886,0,1,0,1,1
8656,14491,1617,24764,16108,1,0,0,1,0
8234,14001,1554,23789,15555,0,0,0,0,0
8266,13575,1122,22963,14697,0,2,0,2,2
4326,4693,624,9643,5317,0,0,0,0,0
1932,1537,306,3775,1843,0,0,0,0,0
828,938,143,1909,1081,0,0,1,1,1
7720,14845,991,23556,15836,1,2,0,3,2
6781,10866,891,18538,11757,0,1,0,1,1
6289,14222,1012,21523,15234,0,0,0,0,0
6799,14836,1039,22674,15875,0,2,0,2,2
4691,9660,484,14835,10144,0,0,0,0,0
1841,4112,218,6171,4330,0,0,0,0,0
5879,13290,907,20076,14197,0,0,0,0,0
6284,14947,951,22182,15898,1,0,0,1,0
5635,12314,925,18874,13239,0,1,0,1,1
5533,12419,1075,19027,13494,0,0,0,0,0
5630,12631,924,19185,13555,2,0,0,2,0
3596,9003,483,13082,9486,0,2,0,2,2
1136,2981,230,4347,3211,0,1,0,1,1
4915,9715,931,15561,10646,0,1,0,1,1
5202,11050,902,17154,11952,0,0,1,1,1
4848,9314,863,15025,10177,0,0,0,0,0
4301,8590,701,13592,9291,0,0,0,0,0
4979,9171,815,14965,9986,1,1,0,2,1
3376,5576,496,9448,6072,0,0,0,0,0
1415,1976,187,3578,2163,0,0,0,0,0
4549,4407,718,9674,5125,0,0,0,0,0
4857,8250,731,13838,8981,2,1,0,3,1
4618,6941,684,12243,7625,1,0,0,1,0
4002,6357,737,11096,7094,0,0,0,0,0
4837,6890,769,12496,7659,1,0,0,1,0
3140,4480,445,8065,4925,0,0,0,0,0
1618,1981,114,3713,2095,0,0,0,0,0
4595,5640,665,10900,6305,1,0,0,1,0
4658,6184,608,11450,6792,0,3,0,3,3
4780,5852,652,11284,6504,0,0,0,0,0
3910,4475,506,8891,4981,1,1,0,2,1
3815,4878,525,9218,5403,0,1,0,1,1
2022,2388,186,4596,2574,1,0,0,1,0
258,284,35,577,319,0,0,0,0,0
2572,3247,278,6097,3525,0,1,0,1,1
3856,5952,527,10335,6479,0,0,0,0,0
4158,5351,539,10048,5890,0,0,0,0,0
3845,4835,578,9258,5413,0,0,0,0,0
4236,4977,583,9796,5560,1,1,0,2,1
3566,3545,266,7377,3811,0,1,0,1,1
1691,1522,74,3287,1596,0,0,0,0,0
4259,4429,590,9278,5019,2,5,0,7,5
4005,4353,411,8769,4764,0,3,0,3,3
4169,4372,409,8950,4781,0,0,0,0,0
4072,3862,384,8318,4246,1,3,0,4,3
5064,4549,450,10063,4999,0,0,0,0,0
3291,2885,222,6398,3107,0,0,0,0,0
1865,1493,67,3425,1560,0,0,0,0,0
5310,4332,478,10120,4810,1,1,1,3,2
5286,4039,497,9822,4536,1,0,0,1,0
5462,4494,478,10434,4972,1,0,0,1,0
5511,3773,579,9863,4352,1,0,0,1,0
6657,4071,452,11180,4523,1,1,0,2,1
4500,2559,274,7333,2833,1,1,0,2,1
2511,829,66,3406,895,2,0,0,2,0
6415,3229,471,10115,3700,2,0,0,2,0
6410,3883,543,10836,4426,2,0,0,2,0
6528,3923,536,10987,4459,0,0,0,0,0
6547,3471,540,10558,4011,1,0,0,1,0
7512,4056,693,12261,4749,1,1,0,2,1
5093,3343,348,8784,3691,1,0,0,1,0
3109,1497,78,4684,1575,0,0,0,0,0
7049,3758,616,11423,4374,2,4,0,6,4
7213,3646,588,11447,4234,2,1,0,3,1
6816,3615,520,10951,4135,2,0,0,2,0
6676,3567,632,10875,4199,1,2,0,3,2
8032,4585,586,13203,5171,2,0,0,2,0
5610,3188,286,9084,3474,1,1,0,2,1
3268,1787,95,5150,1882,0,0,0,0,0
6752,4205,532,11489,4737,4,1,0,5,1
6393,4323,526,11242,4849,5,2,1,8,3
5912,3990,537,10439,4527,4,0,0,4,0
5743,3950,551,10244,4501,3,1,0,4,1
7136,5540,533,13209,6073,3,0,0,3,0
5210,4072,309,9591,4381,0,1,1,2,2
2897,2117,88,5102,2205,1,2,0,3,2
5986,5072,677,11735,5749,7,0,0,7,0
6431,4913,907,12251,5820,6,2,0,8,2
6194,5003,818,12015,5821,9,2,0,11,2
6058,4821,815,11694,5636,7,0,0,7,0
7535,6328,688,14551,7016,6,0,3,9,3
4795,4551,332,9678,4883,3,2,0,5,2
2837,2797,60,5694,2857,0,2,0,2,2
6434,5618,516,12568,6134,2,2,0,4,2
6820,5547,607,12974,6154,1,4,0,5,4
6904,5468,580,12952,6048,5,2,0,7,2
6571,5248,616,12435,5864,5,0,0,5,0
8001,7001,526,15528,7527,3,2,1,6,3
5288,5250,309,10847,5559,1,2,1,4,3
3227,3145,72,6444,3217,10,0,0,10,0
6132,6014,490,12636,6504,1,2,0,3,2
6089,5671,625,12385,6296,47,39,1,87,40
5830,4832,513,11175,5345,7,11,0,18,11
5289,4903,564,10756,5467,5,0,4,9,4
6896,6455,544,13895,6999,9,2,2,13,4
4154,4429,219,8802,4648,4,9,0,13,9
2420,2689,25,5134,2714,0,1,0,1,1
922,910,21,1853,931,0,2,0,2,2
4983,6688,582,12253,7270,68,126,20,214,146
5101,5352,497,10950,5849,85,41,1,127,42
4826,4986,423,10235,5409,1692,1462,51,3205,1513
6553,6730,721,14004,7451,6552,6728,721,14001,7449
3664,4538,277,8479,4815,3663,4537,277,8477,4813
1391,1712,40,3143,1752,1391,1710,40,3141,1750
